100
17
7 2 16 3 6 16 1 7 9 3 16 5 1 4 18 1 16
3 5 12 6 5 17 5 8 9 7 0 0 10 4 7 19 7 6
7 12 2 19 9 11
7 17 2 18 1 5 2
19 1
12 5 11
10 16 12 19 14 11 13 18 3 19 17
19 0 7 8 9 19 17 17 4 3 9 9
14 10 9 17 8 16 3 15 0
5 13 17 17 5 0 18 17 19 17
3 18 7 13 14 7 16 19 5 19 19 8 5 6 9 2 3
15 5 2 1 13 13 12 2 13 11 10 7 10 5 10 9 9 10
8 0 8 16 9 7 17 7 1 19
8 12 4 18 6 3 8 12 10 15 6
1 15 15 12 7 11
6 6 3 19 13 2 18
14 17 7 14 0 16 9 18 9 12 4 0 4 7 9 19 19 3
6 12 12 10 14 2 17 2 10 17 4 10 13 9 19 13 9 9 4
5 11 15 13
9 0 8 2 3
11 19 12
12 12 6 15
14 18 1 7 17 1 19 13 3 1 1 13 9 8 10
3 18 4 1 15 18 18 9 10 1 16 15 0 16 4 14
4 9 2 4 11 14 2 5 1 11 0 13 1 5
11 16 8 4 4 1 17 13 9 17 4 13 0 5 9
1 6 10 4 14 18 14 12 7
3 12 5 3 0 2 11 16 17 10
12 1 3 11 2 4 17 10 15 9
5 5 1 0 3 5 11 10 0 4 9
14 11 14 8 9 13 11 7 12
16 2 13 8 16 2 9 8 10 2
7 7
5 4 10
13 9 15 11 4 6 5 4 7 19
16 2 7 5 9 1 15 12 3 3 6
4 6 8 5 16 4
9 2 0 2 14 3 18
8 10 12 4 6 3 4 9 6 12 0 10 19 12 6 3 9 5
5 6 4 17 6 8 7 12 11 11 2 18 0 13 19 12 10 0 2
3 15
19 8 6
1 4 10 6 9 6
8 19 16 15 16 9 8
0 13 4 4 6 4 18 2
6 18 12 18 12 6 1 14 3
15 6 17
4 5 17 11
6 0 2 11 11 9 4 3 14 17 14
3 13 5 18 6 1 8 10 9 16 1 7
6 15 13 2 0 2 17
19 9 6 9 5 18 6 11
6 19 5 19 18 3 7 1 2 11 6
13 19 3 2 8 2 18 10 3 6 14 6
1 6 11 18 3 8
2 15 8 3 4 9 15
18 5 17 11 14 19 14 9 2 10 16 2 14 13 4
10 1 16 15 6 19 17 14 14 4 14 7 1 7 9 14
13 8 8 15 4 18 16 16 8 4 4 6 0 6
14 14 4 19 9 6 12 15 11 14 10 0 19 17 16
14 7 13 9 16 0 8 19 17 19 8 14 4 12 13 14
12 2 14 7 5 9 19 14 12 0 14 3 13 11 6 13 11
2 16 11 1 17 9 13 5 4 9 11
2 14 13 15 3 13 2 1 10 0 1 12
11 17 15 1 10 4 10 11 12 18 13 19
19 4 9 5 8 6 6 16 3 15 6 19 14
19 1 16 19 15 13 11 0 14 0 16 8 17 12
11 12 11 7 9 15 8 5 16 3 3 8 19 6 5
7 11 3 19 3
6 15 5 14 3 18
19 13 4 10 11 13 13 10 0 6 17 16 1 5 5 15 5 12
13 4 15 9 15 8 10 8 17 6 19 13 19 3 16 6 9 12 13
13 3 19 14 2 11 7 3 9 9 6 1 11
6 4 14 8 2 2 12 8 19 13 7 18 4 18
4 3 16 11 7 15 12 11 9 16 11 19 11 0 7 17 10 8
18 2 0 15 1 13 13 7 10 3 7 5 17 6 12 12 11 6 5
12 10 14 17 18
1 0 12 15 4 8
6 7 14 7 16 11 11 17
12 10 5 16 10 13 2 12 8
2 3 5 16 8 9 4 13
14 1 3 18 9 4 15 19 0

8
7 10 15 13 14 3 0 15
13 9 11 5 9 4 15 5 9
19 6 2 5 14 18 3 7 10
15 6 1 18 7 5 4 10 8 6
8 8 9 6 6 14
10 15 15 11 17 19 6
18 7 1 13 0 0
12 16 15 13 14 16 3
4 6 8
9 2 7 7
0 13 1 14 19 15 15
15 2 15 2 10 13 19 5
12 11 4 10 11
1 3 1 19 5 16
5 15 18 1 19 3 10 8 16 5 0 2 7 17 1 13
19 16 13 1 10 14 11 12 18 16 0 8 7 1 18 6 8
0 18 16 19 11 8 18 2
15 11 18 11 9 16 0 0 17
5 6 13 14 15 1 0 6 17 0 3 8 8 13 1 7 3
11 6 9 16 4 13 17 18 0 16 15 14 14 19 7 9 10 6
6 8 4 9 1 11
1 10 10 4 15 17 5
15 0 5 7 19
8 8 15 4 8 1
15
13 17
14 14 14 0 16 4 14 8 11 1 14 13 19 12 6 12 5
5 10 9 4 6 9 8 11 0 2 1 3 12 19 15 7 8 15
13 4 13 5 13 0 8 11 5 11 14 13 2 16 11
2 15 2 7 2 19 2 12 2 17 2 16 9 18 4 12
12 1 17 1 16 15 18 7 17 4 17 8
10 18 1 0 9 1 15 4 17 9 9 3 10
13 1 5 19 5 3 11 13 11 0
16 12 18 15 4 4 11 18 14 14 5
14 15 14 16 12
2 15 15 12 6 2
12 4
17 12 0

10
19 19 4 8 18 5 18 13 10 0
18 5 12 10 10 1 17 1 12 17 5
0 15 7 13 12
4 12 18 9 16 19
8 17 15 18 15 7 4 14 18 14 8 7 6 1 13 12 5 15 4
5 4 0 11 2 7 2 1 9 9 18 7 9 0 3 14 13 15 10 19
4 7 1 10 15 19 9 10 18 16 7 13 12 5 10 6 9 0 19
9 2 2 3 11 4 18 14 2 2 10 1 18 5 5 17 12 10 9 12
5 19 9 13 11 12 15 7 11 8 5 0
14 16 5 12 7 11 15 17 6 13 7 1 3
0 9 15
13 11 14 4
3 14 16 2
1 2 9 19 1
7
9 7
8 10 18 12 3 8 5
12 8 17 16 10 6 16 2
2 14
15 16 1
18
17 18
12 0 17 9 18 1 3 4 6 12 17 13 4 3 10 0 11 17
10 7 16 9 3 5 14 6 18 13 1 16 15 6 9 0 6 17 0

4
2 3 16 10
4 18 4 7 9
15 15 16 5 6 14 5 8 5
11 19 15 10 2 8 12 13 9 8
0 7 0 7 17 13 10 10
4 16 8 8 9 14 11 15 10
15 14 19 6 7 14 15 15 11 9
14 0 6 18 5 4 13 3 8 16 7
3 11 0 1 19 4 18
18 11 7 0 3 14 6 3
9 6 14
9 12 10 10
15 13 6 15 9 0 17 17 12 4
19 2 17 3 11 5 16 2 16 7 3
10 19 2
6 6 7 6
13 5 1 12 17 15
4 13 13 8 18 9 11
9 10 7 6 4 2 14 15 2 0 1
1 16 8 7 19 8 1 4 8 2 13 9
6 15 1 0 16 13 6 9 18
17 9 13 8 6 12 11 11 19 2
10 15
17 3 17
14 3 5 7 10 6 15 8 2 17 19 16 15 6 4 3 14
16 11 9 15 10 19 9 8 12 15 17 15 16 10 0 19 19 10
13 2 11 15 0 1 14 16 8 9
1 17 16 9 7 8 18 6 0 5 18
14 6 13 7 9 19 6 9 14 17 9 19 1 4 17 3 3 14
12 9 15 17 1 17 17 9 0 18 5 4 16 0 1 12 3 4 12
17 3 19 3 4 0 17 18 16 1 9 0
0 1 15 9 13 19 1 0 14 4 6 9 2
10 5
1 19 1
3
1 17
0 10 14 13 1 10 2 8 10 4 4 0 1 9 10 3 9
8 0 11 11 5 18 10 19 15 2 2 19 9 0 9 6 14 11
3 19 15 0 1 13 9 19 11 11 12
7 1 1 10 19 12 18 17 7 19 1 9
0 17 18 10 3 15 17 7 6
3 11 19 1 13 2 5 14 0 12
7 19 4 12 19 19 3 7 11 4 3 18
19 16 17 9 1 1 16 1 17 3 0 19 19
13 13 9 15 15 19 10 19 10 0 18 16 19 7 16 6 19 4 7
14 8 5 16 11 12 8 6 9 6 10 17 19 19 17 17 3 19 9 11
12 2 18 6 7 18 1 8 0 9 12
4 0 5 9 8 8 16 3 11 5 7 10
17 11 7 1 16 13 10 17 15 18
0 11 10 14 10 11 16 10 1 17